code	areakm2	long	lat	elev	rainS	rainW	tempS	tempW	npolys	mad.elev
NT0101	215673	-51.389	-26.527	603.39	169.48	126.72	22.83	14.82	5	198.6684
NT0102	7850	-43.734	-21.203	82.5	117.42	111.52	25.1	19.5	12	5.9304
NT0103	109305	-40.086	-16.613	285.53	126.74	68.85	25.65	21.75	3	176.4294
NT0104	229241	-42.018	-17.73	580.64	168.07	30.41	24.66	20.24	6	404.7498
NT0105	90229	-66.877	-15.85	1569.55	210.45	47.69	21.28	17.64	1	831.7386
NT0106	4776	-40.179	-4.357	301.79	110.61	24.84	26.66	25.48	5	264.6441
NT0107	183358	-71.969	0.781	277.56	260.12	182.14	25	25.57	1	114.1602
NT0108	22753	-71.871	9.216	577.59	113.52	62.35	25.57	24.6	4	142.3296
NT0109	31915	-75.962	4.992	1712.18	151.59	135.1	18.87	18.64	1	736.8522
NT0111	89450	-86.13	14.521	506.46	305.29	113.83	24.86	22.52	8	200.8923
NT0112	13251	-87.872	14.437	936.06	258.77	49.39	22.79	20.49	54	597.4878
NT0113	5759	-91.91	16.77	915.76	292.39	74.91	23.63	20.51	7	429.954
NT0114	2077	-94.15	16.55	575.8	207.57	5.26	25.7	22.43	1	409.1976
NT0115	73305	-77.515	5.613	411.71	327.09	225.16	24.93	24.71	2	86.7321
NT0117	14282	-66.071	10.179	499.04	171.73	43.42	24.37	23.65	11	434.4018
NT0118	67577	-73.48	5.782	1179.37	189.79	76.04	21.26	21.41	1	963.69
NT0119	10900	-85.146	10.854	324.25	292.87	74.29	25.53	25.01	6	394.3716
NT0120	21339	-79.12	21.665	74.8	155.35	43.03	27.53	22.97	35	143.8122
NT0121	102062	-78.414	-2.586	1542.66	136.32	105.03	19.48	18.81	1	1009.6506
NT0122	3031	-78.075	8.25	285.2	301.78	103.99	25.48	25.1	9	189.7728
NT0124	145963	-61.734	4.289	520.81	334.6	112.98	24.06	24.46	52	277.2462
NT0125	476136	-56.817	4.378	200.51	243.95	188.99	25.73	25.39	3	126.021
NT0126	9881	-53.987	-2.066	50.68	198.1	118.23	26.97	27.12	6	20.7564
NT0127	45814	-71.44	18.833	311.48	113.55	64.08	26.04	22.88	7	226.0965
NT0128	114506	-74.151	-5.295	184.06	232.18	144.3	26.26	25.41	73	48.9258
NT0129	58359	-82.24	9.934	368.57	331.6	157.45	24.97	24.05	4	104.5233
NT0130	29176	-81.962	8.558	458.31	265.47	68.8	24.64	23.9	2	243.1464
NT0131	8270	-77.25	18.25	327.67	155.65	137.56	25.51	22.83	1	295.0374
NT0132	268444	-65.619	-0.847	73.11	260.17	186.43	26.28	26.24	3	29.652
NT0133	241493	-66.861	-5.569	69.91	268.44	96.48	26.54	25.89	6	19.2738
NT0134	986	-65.75	18.25	77	196.11	123.71	26.89	23.73	4	192.738
NT0135	716682	-60.267	-9.132	190.93	280.68	38.78	26.17	25.19	2	83.0256
NT0136	104598	-74.516	5.554	1462.38	152.06	99.82	20.3	20.14	1	1079.3328
NT0137	76440	-74.782	7.995	370.17	213.83	68	26.26	25.98	1	71.1648
NT0138	88305	-50.676	-0.314	19.35	252.73	203.62	26.74	26.88	19	0
NT0139	141635	-43.592	-4.346	138.4	195.3	33.31	26.97	26.48	2	68.1996
NT0140	412314	-52.366	-9.516	291.75	295.01	16.58	25.65	25.32	39	68.1996
NT0141	66506	-60.162	-4.447	50.82	258.22	86.28	26.75	26.51	24	17.7912
NT0142	250591	-75.801	-1.985	326.15	216.19	208.83	25.31	24.75	1	75.6126
NT0143	200932	-67.162	1.981	189.44	321.76	145.2	25.43	26.47	1	72.6474
NT0144	10011	-42.083	-3.042	51.42	172.28	45.68	27.26	26.87	3	20.0151
NT0145	80806	-77.539	2.5	1284.31	199.97	163.17	20.71	20.48	1	1135.6716
NT0146	7577	-96.386	17.977	1169.95	285.09	38.27	21.56	18	5	498.8949
NT0147	28028	-61.89	9.17	92.36	200.17	92.05	26.27	25.49	1	0
NT0148	17153	-92.159	18.068	37.73	222.72	105.94	28.54	24.01	1	8.8956
NT0149	7690	-55.75	5.6	72.7	226.47	184.94	26.89	26.16	1	8.8956
NT0150	482879	-51.079	-23.145	470.4	198.31	70.06	24.57	18.2	13	182.3598
NT0151	17502	-35.809	-8.397	291.94	55.83	165.61	26.04	23.07	3	115.6428
NT0152	22597	-36.185	-8.54	288.26	53.58	142.71	26.19	23.12	6	174.9468
NT0153	185961	-75.005	-10.44	2489.25	169.01	35.57	15.96	14.69	3	1492.9782
NT0154	148595	-92.006	17.318	387.98	294.36	87.59	26.07	22.09	2	170.499
NT0155	7504	-66.35	18.25	167.6	190.18	103.74	26.14	23.15	1	185.325
NT0156	176760	-69.441	-2.862	118.49	252.35	164.16	26.14	25.69	48	26.6868
NT0157	173261	-63.468	-6.696	64.78	280.7	57.68	26.63	25.99	5	11.8608
NT0158	95986	-64.931	0.772	106.01	268.47	172.83	26.14	26.41	27	34.0998
NT0159	4766	-73.607	10.75	842.43	131.73	28.23	23.46	22.38	1	570.801
NT0160	104610	-47.063	-24.604	561.33	209.59	75.36	22.94	16.41	9	517.4274
NT0161	3890	-95.125	18.25	100.75	268.07	53.18	27.49	22.29	1	289.107
NT0162	11218	-91.721	14.897	723.71	358.37	12.68	24.44	22.85	1	407.715
NT0163	166931	-70.875	-2.229	94.18	233.12	213.09	26.26	25.42	3	10.3782
NT0164	2071	-80.75	25.417	0	205.1	45.59	28.2	20.74	5	1.4826
NT0165	75150	-64.807	-23.557	1503.65	133.84	8.05	21.79	12.88	8	709.4241
NT0166	746653	-69.77	-10.023	358.87	270.04	73.82	25.67	24.02	5	84.5082
NT0167	16274	-82.88	9.293	596.04	314.08	124.47	23.98	23.21	13	656.7918
NT0168	335099	-54.444	-5.968	201.82	277.84	61.64	25.84	25.79	1	148.26
NT0169	50675	-64.172	4.638	761.13	400.94	92.74	22.7	23.55	56	535.9599
NT0170	192766	-47.375	-3.077	79.7	277.38	91.33	26.65	26.63	2	54.8562
NT0171	4722	-61.375	10.375	98.5	228.8	88.21	26.43	25.31	2	39.2889
NT0173	470048	-56.78	-0.333	129.01	203.99	147.22	26.44	26.53	3	96.369
NT0174	114443	-76.047	-7.326	766.71	203.3	83.79	24.1	23.46	3	303.933
NT0175	29269	-70.663	8.946	868.57	152.64	43.1	23.38	22.92	1	901.4208
NT0176	68946	-98.293	21.946	502.89	163.38	32.89	26.46	18.44	2	155.673
NT0177	4942	-98.25	20.5	1248.88	227.97	44.58	21.76	16.07	1	317.2764
NT0178	33954	-79.5	-0.712	411.35	195.27	122.88	24.46	23.8	1	133.434
NT0179	2014	-61.25	10.75	157	224.53	88.38	26.2	24.98	5	186.0663
NT0180	265072	-50.728	-6.112	207.41	285.57	46.14	25.79	26.01	9	151.2252
NT0181	69482	-88.789	19.221	55.04	165.14	53.06	27.67	23.32	4	57.8214
NT0182	229836	-64.043	4.11	501.02	368.23	92.82	24.07	24.91	8	324.6894
NT0201	68245	-71.617	6.317	684.5	289.2	53.95	23.48	24.39	6	96.369
NT0202	114660	-43.346	-12.183	524.02	137.9	12.86	25.6	23.72	9	120.0906
NT0204	37384	-102.15	20.4	1842.1	164.17	9.96	20.43	15.16	1	163.086
NT0205	62247	-99.888	18.358	1411.98	186.79	9.22	22.37	19.39	6	507.0492
NT0206	72780	-65.818	-18.592	2762.75	118.26	11.51	16.86	11.83	7	808.017
NT0207	7313	-75.95	5.083	1562.2	141.88	123.57	19.94	19.71	1	163.086
NT0209	67773	-87.576	13.679	621.84	265.01	38.2	24.4	22.75	11	164.5686
NT0210	786790	-62.842	-25.198	416.69	113.83	13.49	26.16	16.17	1	143.8122
NT0211	13974	-92.906	16.344	1003	270.36	29.39	23.3	20.38	1	149.0013
NT0212	229767	-60.363	-15.894	286.98	206.26	29.57	26.77	22.79	3	87.4734
NT0213	65745	-79.347	21.504	63.24	158.23	48.55	27.59	23.13	10	48.9258
NT0214	21187	-80.021	-1.625	304.21	156.9	40.34	25.22	24.04	4	114.9015
NT0215	15446	-72.107	18.875	382.75	112.83	56.29	25.68	22.54	7	158.6382
NT0217	26050	-104.426	20.118	657.12	217.31	13.93	25.62	20.99	2	435.8844
NT0218	2310	-77.35	18.25	294.5	163.11	125.84	25.78	23.14	6	109.7124
NT0219	16870	-69.25	10.795	343	87.28	32.87	26.5	25.04	1	251.3007
NT0220	907	-62.56	12.821	123	217.22	98.44	26.44	24.69	8	105.2646
NT0221	19549	-75.1	3.775	1578	92.23	123.42	19.75	19.58	1	308.3808
NT0222	30085	-71.509	9.922	488.21	92.31	44.31	26.28	25.02	1	111.195
NT0223	11322	-78.25	-6.472	2407.56	94.19	21.01	16.47	16.13	1	869.5449
NT0224	5087	-80.167	8.542	255.42	222.77	73.31	25.73	25.03	4	53.3736
NT0225	2261	-77.25	1.75	1837.71	88.08	185.98	18.04	17.7	1	284.6592
NT0226	1271	-66.393	18.25	137.86	195.32	100.86	26.33	23.35	2	63.0105
NT0227	3975	-110.028	23.528	326.78	46.39	15.22	26.31	17.9	3	228.3204
NT0228	77362	-106.223	24.195	1120.93	173.63	26.57	24.67	16	2	495.1884
NT0229	24879	-73.917	10.202	535.29	136.85	29.93	25.39	24.69	2	70.4235
NT0230	42282	-97.618	16.829	865.16	208.14	6.3	24.43	22	1	272.0571
NT0232	41100	-80	-5.35	749.93	38.25	2.97	22.82	20.07	1	180.1359
NT0233	6616	-96.55	19.15	439.6	297.19	41.78	25.44	20.3	1	108.9711
NT0235	49623	-88.957	20.457	43.59	155.59	35.28	27.84	23.18	4	20.7564
NT0301	6870	-76.105	22.638	49.04	128.29	63.18	27.76	22.61	28	2.9652
NT0302	2822	-88.515	17.015	155.32	278.66	134.42	26.83	22.96	13	20.7564
NT0303	110942	-89.267	15.046	806.7	283.91	53.58	23.76	21.42	17	475.9146
NT0304	6405	-80.054	21.589	132.14	152.25	57.93	27.28	22.8	12	38.5476
NT0305	11560	-71.75	18.825	479.4	119.7	56.51	25.03	21.86	5	518.91
NT0306	18854	-84.068	14.659	85.55	369.92	164.12	27.15	25.41	7	28.1694
NT0307	1061	-110.083	23.5	281.67	42.68	15.13	26.28	18.13	1	215.7183
NT0308	14298	-96.008	17.202	1112.16	255.05	26.95	22.15	19	8	862.8732
NT0309	60973	-99.325	17.551	1012.82	189.24	6.1	24.44	21.82	20	666.4287
NT0310	98111	-101.51	20.248	1709.43	162.99	11.09	20.96	16.1	64	586.3683
NT0402	164642	-72.782	-51.912	326.17	53.75	65.11	8.87	2.4	166	271.3158
NT0404	248398	-73.12	-42.651	493.36	77.93	178.59	12.57	4.88	66	720.5436
NT0702	125589	-66.019	-13.247	225.35	258.57	42.36	26.8	24.42	30	23.7216
NT0703	26313	-43.66	-18.722	876.37	205.08	20.26	23.18	18.47	28	204.5988
NT0704	1910038	-50.114	-15.179	470.08	228.63	19.41	25.54	22.91	27	249.0768
NT0707	104510	-59.185	3.76	443.7	276.02	125.24	24.5	24.72	13	155.673
NT0708	291590	-58.75	-26.127	93.36	133.78	46.72	26.74	17.17	2	17.7912
NT0709	375787	-67.946	6.697	241.64	299.02	37.56	25.56	26.67	2	65.2344
NT0710	352496	-54.803	-31.25	144.2	129.42	116.72	23.78	13.38	3	85.9908
NT0801	298735	-62.8	-34.435	186.57	90.09	25.36	23.38	10.26	7	137.8818
NT0802	353640	-67.126	-38.274	522.82	26.95	15.71	21.17	6.86	1	268.3506
NT0803	398555	-60.852	-35.242	98.58	99.9	39.5	22.33	9.65	2	63.7518
NT0805	576599	-68.462	-45.891	614.74	21.61	33.35	14.05	2.65	19	523.3578
NT0902	5647	-80.523	21.932	39.34	170.39	37.51	27.58	22.81	14	1.4826
NT0903	628	-71.321	18.464	469.57	130.27	31.93	25.02	22	3	0
NT0904	20028	-80.864	26.182	0.14	202.91	51.14	28.1	19.75	3	1.4826
NT0905	2924	-79.55	-2.15	367.2	214.24	40.9	25.12	23.88	1	32.6172
NT0906	5988	-62.188	9.563	39.06	200.38	78.38	26.64	25.8	7	0
NT0907	170501	-57.518	-17.923	159.53	195.36	32.61	27.85	22.96	12	38.5476
NT0908	37099	-59.337	-30.674	39.76	123.35	47.98	24.82	13.63	1	16.3086
NT0909	26867	-56.667	-28.688	86.46	142.84	98.37	25.89	15.52	1	13.3434
NT1001	254929	-67.804	-21.308	3868.42	49.72	1.75	10.19	3.61	2	404.7498
NT1002	211478	-68.072	-20.821	3580.15	85.43	4	11.44	5.25	4	597.4878
NT1003	116948	-72.623	-13.421	3628.53	127.97	9.96	10.62	8.19	6	401.0433
NT1004	12120	-78.31	-6.952	2627.21	90.75	8.58	15.41	14.84	15	492.9645
NT1005	2798	-70.821	8.786	1435.43	135.07	34.76	20.45	19.69	2	449.2278
NT1006	29810	-76.281	2.298	2251.01	122.81	93.33	15.77	15.64	47	446.2626
NT1007	1239	-73.5	10.75	1838.5	138.95	36.06	17.65	16.07	1	602.6769
NT1008	124779	-69.162	-30.301	3110.42	26.22	30.2	10.88	1.23	3	1017.0636
NT1010	116569	-67.503	-28.75	2148.17	63.56	7.5	17.82	6.29	3	1014.0984
NT1201	148381	-70.964	-31.439	1317.27	7.64	73.24	14.83	6.69	1	627.1398
NT1301	5260	-63.417	10.417	527.92	146.69	55.95	24.27	22.95	3	160.1208
NT1303	104903	-69.509	-22.333	2046.48	11.47	0.27	15.03	8.82	1	752.4195
NT1304	731320	-40.219	-9.139	398.2	94.11	32.61	26.4	24.13	4	225.3552
NT1305	3118	-65.364	15.136	102.54	176.23	99.15	26.84	24.38	16	47.4432
NT1306	3256	-79.135	21.481	102.27	154.6	39.16	27.35	22.88	11	32.6172
NT1307	7978	-91.25	-0.456	291.12	66.43	51.56	24.36	22.15	3	151.2252
NT1308	31477	-73.481	10.673	263.81	102.56	24.77	27.16	25.96	4	68.9409
NT1309	68181	-66.179	9.774	361	171.77	28.22	25.1	24.87	1	147.5187
NT1312	2328	-89.75	15	1001	386.9	90.53	22.95	20.27	1	321.7242
NT1313	15909	-70.214	10.536	488.21	79.64	25.83	26.48	24.96	1	385.476
NT1314	3867	-110.083	23.817	289.8	41.83	13.79	26.41	17.81	5	123.7971
NT1315	184213	-75.138	-12.876	2393.09	49.46	0.74	14.26	11.03	2	1731.6768
NT1316	9862	-97.712	18.788	1943.69	133.51	11.37	19	15.32	2	366.2022
NT1401	40894	-57.81	5.36	89.92	191.83	111.19	26.69	26.07	72	0
NT1402	17859	-76.018	20.919	93.55	154.27	64.22	27.26	22.98	91	1.4826
NT1403	26658	-88.42	16.925	102.64	251.04	113.27	27.15	23.36	52	2.9652
NT1404	8174	-105.685	22.185	202.8	139.41	11.92	27.72	21.08	32	3.7065
NT1405	13461	-79.27	1.735	153.75	211.82	105.73	26.05	25.14	35	7.413
NT1406	10025	-41.581	-17.274	184.27	140.86	113.92	25.5	21.09	30	7.413
NT1407	7827	-86.515	11.375	206.43	268.12	20.89	26.49	25.84	31	4.4478
